000000000000000000000000000000
0     1                    110
0     1      11         111000
0     0      11          1   0
0     10     10          00  0
0          110011            0
0          00                0
0           0111         11110
00000          0101       1110
0   1          0101       0000
0   1            0100        0
0         0001 0101       0000
0            11              0
0            11              0
0      110                   0
0       1  110011            0
0       11100                0
0           0111         11110
0              0101       1110
000000000000000000000000000000